From,To
timeseries,Sex
timeseries,Region
